0.0344146223972
-0.0719471740226
-0.139767462015
0.0670107513666
-0.0609218696753
0.145758933326
-0.0397374826483
0.073137381797
0.0605390151342
0.0100463259761
0.151717569182
0.015983970571
0.0115617859022
0.0900449663401
0.00275204215626
-0.0306191970284
0.105256785452
-0.00864718060742
0.143642348299
-0.0173540686412
0.0433987615009
-0.0648328644534
0.00205009547062
0.166400603453
0.0678202114999
-3.32507848118e-05
0.116115620484
-0.0328671853291
0.0635522676011
-0.0136140089812
0.136145374924
-0.0905040226877
0.0206411963212
-0.0716873555134
-0.101487203687
0.124547941238
-0.0873614737143
-0.0251388629704
-0.0462116192405
0.0477938863759
-0.019130403176
0.0800133640567
-0.124825159212
0.0720816611002
-0.0392900378133
-0.292166397969
-0.0122394264103
-0.0409689233949
0.110803792129
-0.0594031645606
-0.0168311891227
0.0145856454968
0.0290102394957
-0.03552567583
0.005349604345
0.117277348042
-0.0670348720004
0.185089749098
0.0466414972519
-0.0763929849491
-0.177931202948
-0.0455904124926
0.203876790901
-0.181280125678
-0.0056219458095
0.116345853359
0.116841318707
-0.0845100175589
-0.028522792086
0.0592018355926
-0.0344366260494
0.0803539246321
-0.029676011391
-0.00434051189998
0.0283078721414
-0.10525487264
0.0613365432868
0.0236504913618
-0.0632791391263
0.00236180080065
-0.0747863945862
-0.00481373223823
0.0457578640431
-0.134566520403
0.0528830375522
-0.0184405867476
0.021641308985
-0.0160824268047
0.0657779599229
-0.0998342337708
0.0147063485611
-0.0443406903495
-0.0136211092967
0.0243658135432
0.196035947402
-0.0649409713844
-0.0061393551526
-0.0108038225638
-0.03311057544
0.0719214056929
-0.0497653855632
-0.0203496820138
0.0173937606315
-0.0733551507195
-0.11660652856
0.173498359819
0.0644941127549
-0.236015788714
-0.00136646636141
-0.0947975099087
-0.0224873579709
0.0726060416549
0.123215485116
-0.0309842817175
0.111949404081
0.00102203905311
0.0964154002567
-0.0462520226215
0.104538844526
0.0324742830979
-0.000729937273233
-0.185564291974
0.00943350912251
-0.0468538344527
-0.0560089373651
0.132723558942
0.0327356790503
0.128535230209